Data van prototype GROWY

//loadcell R
////metingen 5 gewichten samen 500g
499.97
500.12
500.10
500.23
500.24
499.90
500.05
500.08
500.11
500.17
500.13
500.06
500.02
500.12
500.05
499.97
500.09
500.02
500.08
500.01
500.11
500.08
500.08
499.99
500.08
500.07
500.12
499.85
500.10
500.19
500.19
500.17
500.01
500.04
500.00
500.09
499.99
500.12
500.10
500.26
500.06
500.16
500.16
500.02
500.15
500.06
500.17
499.96
500.17
499.94
500.07
500.14
500.03
500.10
500.13
500.09
500.12
500.06
500.14
499.98
499.98
500.03
500.06
500.12
500.12
499.98
500.03
499.93
500.21
499.97
500.13
500.05
500.09
499.99
500.00
500.02
500.20
499.99
500.06
500.09
500.01
500.28
500.06
500.12
500.13
499.96
500.16
500.12
500.19
500.06
499.93
499.84
500.22
500.17
500.16
500.11
////metingen 1 gewicht  500g
500.22
500.17
499.99
499.96
500.15
500.19
500.09
500.00
500.20
500.08
500.04
500.10
500.02
500.01
500.10
499.98
500.02
500.05
500.08
500.30
500.18
500.21
500.13
500.14
500.01
500.16
500.09
500.06
500.15
500.13
500.11
500.05
500.18
500.07
500.01
499.96
500.15
500.10
499.87
500.05
500.17
500.02
500.17
500.18
500.19
500.02
500.21
499.95
500.06
500.11
499.99
500.09
500.07
500.23
500.08
500.13
500.22
500.17
500.08
500.18
500.13
500.13
500.38
499.95
500.17
500.02
500.06
500.11
500.15
500.04
500.17
500.19
500.15
500.26
500.25
500.02
500.05
500.08
500.07
500.15
499.98
500.04
500.21
500.05
500.18
500.09
500.10
500.11
500.06
500.10
499.99
500.14
500.25
500.07
499.95
500.12
500.19
500.12
500.18
500.12
500.16
////metingen 1 gewicht  1000g
1000.21
1000.21
1000.29
1000.36
1000.15
1000.12
1000.08
1000.34
1000.18
1000.24
1000.22
1000.14
1000.20
1000.17
1000.26
1000.34
1000.10
1000.12
1000.27
1000.20
1000.21
1000.11
1000.23
1000.26
1000.33
1000.26
1000.29
1000.16
1000.10
1000.25
1000.15
1000.34
1000.41
1000.23
1000.25
1000.04
1000.31
1000.23
1000.25
1000.15
1000.10
1000.33
1000.18
1000.17
1000.08
1000.07
1000.22
1000.13
1000.24
1000.15
1000.37
1000.31
1000.31
1000.30
1000.23
1000.24
1000.23
1000.28
1000.16
1000.44
1000.41
1000.23
1000.24
1000.17
1000.31
1000.29
1000.23
1000.27
1000.30
1000.26
1000.39
1000.29
1000.13
1000.28
1000.22
1000.24
1000.16
1000.20
1000.27
1000.39
1000.21
1000.27
1000.35
1000.22
1000.16
1000.27
1000.40
999.83
1000.17
1000.23
1000.34
1000.11
1000.33
1000.22
1000.23
1000.25
1000.15
1000.24
1000.22
1000.33
//loadcell L
////metingen 5 gewichten samen 500g
500.06
500.03
499.96
500.12
499.92
500.01
500.05
499.98
500.02
500.00
500.03
500.01
500.02
499.99
500.01
500.08
500.08
500.06
500.02
500.00
500.04
499.97
500.07
499.98
500.00
500.05
501.34
500.31
500.10
499.86
499.76
499.92
500.06
500.02
500.05
500.20
500.17
500.11
500.14
499.98
500.14
499.95
499.92
500.05
500.11
500.13
500.07
499.95
499.98
500.08
500.08
500.19
499.98
500.06
499.99
499.97
500.08
500.02
500.03
499.94
499.95
500.01
500.01
499.94
500.07
500.00
500.05
500.09
500.03
500.07
500.01
500.05
499.98
500.02
500.01
499.96
499.94
499.97
500.06
500.03
499.96
500.04
500.03
500.02
500.03
500.04
499.96
499.98
500.03
500.02
500.17
500.06
500.00
500.01
500.12
500.04
500.10
499.91
500.10
500.15
500.10
////metingen 1 gewicht  500g
500.09
500.06
500.04
500.04
500.08
500.02
499.40
500.01
499.73
500.30
501.80
499.77
500.01
500.09
500.01
499.91
499.98
500.01
499.98
500.11
499.95
500.05
499.99
500.08
500.10
500.05
499.98
500.11
500.00
499.98
500.10
500.02
500.01
499.99
500.07
500.02
500.06
500.05
500.08
500.07
500.02
500.15
500.03
500.02
500.06
500.02
500.04
500.06
500.05
500.11
499.98
500.12
500.09
500.02
500.06
500.05
500.03
500.04
499.97
500.06
500.11
500.05
499.97
500.02
500.04
500.14
500.09
500.07
500.00
499.96
500.07
500.07
500.11
500.10
500.11
500.05
500.04
499.95
500.06
500.05
499.97
500.06
500.06
500.04
500.19
500.00
500.03
500.07
500.02
500.07
500.06
500.02
500.04
500.03
500.10
500.18
499.95
500.04
500.04
500.05
////metingen 1 gewicht  1000g
1000.26
1000.05
1000.09
1000.19
1000.10
1000.06
1000.14
999.63
1000.47
1000.17
1000.88
1000.36
1000.05
1000.15
1000.04
1000.09
1000.09
999.99
1000.15
1000.10
1000.03
1000.24
1000.04
1000.22
1000.43
1000.15
1000.09
1000.16
1000.15
1000.16
1000.10
1000.16
1000.14
1000.02
1000.26
1000.02
1000.03
1000.11
1000.15
1000.18
1000.12
1000.09
1000.16
1000.11
1000.10
1000.14
1000.06
1000.10
1000.11
1000.21
1000.11
1000.09
1000.09
1000.14
1000.20
1000.06
1000.14
1000.11
1000.03
1000.15
1000.16
1000.01
1000.08
1000.03
1000.16
1000.03
1000.06
1000.11
1000.04
1000.13
1000.12
1000.13
1000.24
1000.04
1000.20
1000.06
1000.12
1000.28
1000.09
1000.13
1000.13
1000.07
1000.25
1000.14
1000.05
1000.14
1000.18
1000.08
1000.13
1000.17
1000.21
1000.17
1000.26
1000.38
1000.15
1000.17
1000.76
1000.23
1000.01
1000.06
//loadcell L&R
////metingen 500g vast R, 500g los L
1000.36
1000.21
1000.70
1000.28
1000.21
1000.36
1000.26
1001.31
1000.45
1000.72
1000.31
1000.17
1000.21
1000.60
999.99
1000.27
1000.29
1000.11
1000.38
1000.30
1000.35
1000.25
1000.15
1000.44
1000.25
1000.29
1000.27
1000.33
1000.21
1000.24
1000.39
1000.33
1000.33
1000.29
1000.38
1000.20
1000.41
1000.49
1000.20
1000.35
1000.29
1000.28
1000.30
1000.30
1000.33
1000.19
1000.35
1000.19
1000.32
1000.28
1000.32
1000.25
1000.25
1000.39
1000.32
1000.23
1000.17
1000.23
1000.15
1000.32
1000.39
1000.39
1000.36
1000.19
1000.26
1000.27
1000.25
1000.22
1000.21
1000.49
1000.01
1000.36
1000.18
1000.02
1000.22
1000.21
1000.17
1000.27
1000.37
1000.21
1000.36
1000.35
1000.18
1000.44
1000.27
1000.20
1000.42
1000.28
1000.39
1000.31
1000.26
1000.15
1000.47
1000.34
1000.22
1000.28
1000.31
1000.40
1000.27
1000.31
1000.48
////metingen 500g vast L, 500g los R
1000.27
1000.34
1000.38
1000.34
999.87
1000.20
1000.26
1000.14
1000.27
1000.16
1000.21
1000.28
1000.32
1000.24
1000.28
1000.46
1000.14
1000.22
1000.11
1000.38
1000.40
1000.57
1000.36
1000.15
1000.50
1000.20
1000.18
1000.27
1000.14
1000.38
1000.16
1000.42
1000.12
1000.41
1000.15
1000.31
1000.45
1000.31
1000.33
1000.10
1000.21
1000.35
1000.18
1000.09
1000.16
1000.22
1000.23
1000.25
1000.42
1000.33
1000.42
1000.51
1000.27
1000.28
1000.25
1000.16
1000.42
1000.15
1000.21
1000.11
1000.36
1000.38
1000.51
1000.36
1000.25
1000.38
1000.08
1000.15
1000.31
1000.29
1000.16
1000.25
1000.08
1000.30
1000.35
1000.27
1000.49
1000.25
1000.40
1000.42
1000.17
1000.12
1000.09
1000.26
1000.09
1000.47
1000.17
1000.29
1000.32
1000.32
1000.36
1000.32
1000.30
1000.41
1000.42
1000.25
1000.37
1000.33
1000.26
1000.07
1000.03
